

[38;2;255;8;68m [38;2;255;12;70m [38;2;255;16;72m█[38;2;255;19;74m█[38;2;255;23;76m█[38;2;255;27;77m█[38;2;255;31;79m█[38;2;255;34;81m█[38;2;255;38;83m╗[38;2;255;42;85m [38;2;255;46;87m [38;2;255;49;89m█[38;2;255;53;91m█[38;2;255;57;93m╗[38;2;255;61;94m [38;2;255;64;96m [38;2;255;68;98m█[38;2;255;72;100m█[38;2;255;76;102m╗[38;2;255;79;104m [38;2;255;83;106m [38;2;255;87;108m█[38;2;255;91;110m█[38;2;255;94;111m█[38;2;255;98;113m█[38;2;255;102;115m█[38;2;255;106;117m╗[38;2;255;109;119m [38;2;255;113;121m [38;2;255;117;123m█[38;2;255;121;125m█[38;2;255;124;127m█[38;2;255;128;128m█[38;2;255;132;130m█[38;2;255;136;132m█[38;2;255;139;134m╗[38;2;255;143;136m [38;2;255;147;138m [38;2;255;151;140m█[38;2;255;154;142m█[38;2;255;158;144m█[38;2;255;162;145m█[38;2;255;166;147m█[38;2;255;169;149m█[38;2;255;173;151m█[38;2;255;177;153m╗[39m
[38;2;255;8;68m [38;2;255;12;70m█[38;2;255;16;72m█[38;2;255;19;74m╔[38;2;255;23;76m═[38;2;255;27;77m═[38;2;255;31;79m═[38;2;255;34;81m═[38;2;255;38;83m╝[38;2;255;42;85m [38;2;255;46;87m [38;2;255;49;89m█[38;2;255;53;91m█[38;2;255;57;93m║[38;2;255;61;94m [38;2;255;64;96m [38;2;255;68;98m█[38;2;255;72;100m█[38;2;255;76;102m║[38;2;255;79;104m [38;2;255;83;106m█[38;2;255;87;108m█[38;2;255;91;110m╔[38;2;255;94;111m═[38;2;255;98;113m═[38;2;255;102;115m█[38;2;255;106;117m█[38;2;255;109;119m╗[38;2;255;113;121m [38;2;255;117;123m█[38;2;255;121;125m█[38;2;255;124;127m╔[38;2;255;128;128m═[38;2;255;132;130m═[38;2;255;136;132m█[38;2;255;139;134m█[38;2;255;143;136m╗[38;2;255;147;138m [38;2;255;151;140m█[38;2;255;154;142m█[38;2;255;158;144m╔[38;2;255;162;145m═[38;2;255;166;147m═[38;2;255;169;149m═[38;2;255;173;151m═[38;2;255;177;153m╝[39m
[38;2;255;8;68m [38;2;255;12;70m█[38;2;255;16;72m█[38;2;255;19;74m║[38;2;255;23;76m [38;2;255;27;77m [38;2;255;31;79m█[38;2;255;34;81m█[38;2;255;38;83m█[38;2;255;42;85m╗[38;2;255;46;87m [38;2;255;49;89m█[38;2;255;53;91m█[38;2;255;57;93m█[38;2;255;61;94m█[38;2;255;64;96m█[38;2;255;68;98m█[38;2;255;72;100m█[38;2;255;76;102m║[38;2;255;79;104m [38;2;255;83;106m█[38;2;255;87;108m█[38;2;255;91;110m█[38;2;255;94;111m█[38;2;255;98;113m█[38;2;255;102;115m█[38;2;255;106;117m█[38;2;255;109;119m║[38;2;255;113;121m [38;2;255;117;123m█[38;2;255;121;125m█[38;2;255;124;127m█[38;2;255;128;128m█[38;2;255;132;130m█[38;2;255;136;132m█[38;2;255;139;134m╔[38;2;255;143;136m╝[38;2;255;147;138m [38;2;255;151;140m█[38;2;255;154;142m█[38;2;255;158;144m█[38;2;255;162;145m█[38;2;255;166;147m█[38;2;255;169;149m╗[38;2;255;173;151m [38;2;255;177;153m [39m
[38;2;255;8;68m [38;2;255;12;70m█[38;2;255;16;72m█[38;2;255;19;74m║[38;2;255;23;76m [38;2;255;27;77m [38;2;255;31;79m [38;2;255;34;81m█[38;2;255;38;83m█[38;2;255;42;85m║[38;2;255;46;87m [38;2;255;49;89m█[38;2;255;53;91m█[38;2;255;57;93m╔[38;2;255;61;94m═[38;2;255;64;96m═[38;2;255;68;98m█[38;2;255;72;100m█[38;2;255;76;102m║[38;2;255;79;104m [38;2;255;83;106m█[38;2;255;87;108m█[38;2;255;91;110m╔[38;2;255;94;111m═[38;2;255;98;113m═[38;2;255;102;115m█[38;2;255;106;117m█[38;2;255;109;119m║[38;2;255;113;121m [38;2;255;117;123m█[38;2;255;121;125m█[38;2;255;124;127m╔[38;2;255;128;128m═[38;2;255;132;130m═[38;2;255;136;132m█[38;2;255;139;134m█[38;2;255;143;136m╗[38;2;255;147;138m [38;2;255;151;140m█[38;2;255;154;142m█[38;2;255;158;144m╔[38;2;255;162;145m═[38;2;255;166;147m═[38;2;255;169;149m╝[38;2;255;173;151m [38;2;255;177;153m [39m
[38;2;255;8;68m [38;2;255;12;70m╚[38;2;255;16;72m█[38;2;255;19;74m█[38;2;255;23;76m█[38;2;255;27;77m█[38;2;255;31;79m█[38;2;255;34;81m█[38;2;255;38;83m╔[38;2;255;42;85m╝[38;2;255;46;87m [38;2;255;49;89m█[38;2;255;53;91m█[38;2;255;57;93m║[38;2;255;61;94m [38;2;255;64;96m [38;2;255;68;98m█[38;2;255;72;100m█[38;2;255;76;102m║[38;2;255;79;104m [38;2;255;83;106m█[38;2;255;87;108m█[38;2;255;91;110m║[38;2;255;94;111m [38;2;255;98;113m [38;2;255;102;115m█[38;2;255;106;117m█[38;2;255;109;119m║[38;2;255;113;121m [38;2;255;117;123m█[38;2;255;121;125m█[38;2;255;124;127m║[38;2;255;128;128m [38;2;255;132;130m [38;2;255;136;132m█[38;2;255;139;134m█[38;2;255;143;136m║[38;2;255;147;138m [38;2;255;151;140m█[38;2;255;154;142m█[38;2;255;158;144m║[38;2;255;162;145m [38;2;255;166;147m [38;2;255;169;149m [38;2;255;173;151m [38;2;255;177;153m [39m
[38;2;255;8;68m [38;2;255;12;70m [38;2;255;16;72m╚[38;2;255;19;74m═[38;2;255;23;76m═[38;2;255;27;77m═[38;2;255;31;79m═[38;2;255;34;81m═[38;2;255;38;83m╝[38;2;255;42;85m [38;2;255;46;87m [38;2;255;49;89m╚[38;2;255;53;91m═[38;2;255;57;93m╝[38;2;255;61;94m [38;2;255;64;96m [38;2;255;68;98m╚[38;2;255;72;100m═[38;2;255;76;102m╝[38;2;255;79;104m [38;2;255;83;106m╚[38;2;255;87;108m═[38;2;255;91;110m╝[38;2;255;94;111m [38;2;255;98;113m [38;2;255;102;115m╚[38;2;255;106;117m═[38;2;255;109;119m╝[38;2;255;113;121m [38;2;255;117;123m╚[38;2;255;121;125m═[38;2;255;124;127m╝[38;2;255;128;128m [38;2;255;132;130m [38;2;255;136;132m╚[38;2;255;139;134m═[38;2;255;143;136m╝[38;2;255;147;138m [38;2;255;151;140m╚[38;2;255;154;142m═[38;2;255;158;144m╝[38;2;255;162;145m [38;2;255;166;147m [38;2;255;169;149m [38;2;255;173;151m [38;2;255;177;153m [39m


